nep4 2 Te Pb
cutoff 8 4 73 8
n_max 6 6
basis_size 6 6
l_max 4 2 0
ANN 30 0
  -2.5854825974e-01
  1.1010146141e-01
  -3.8282752037e-01
  -2.0781235397e-01
  1.2021245062e-01
  1.1503095925e-01
  5.7472541928e-02
  8.9530289173e-02
  -1.6507026553e-01
  6.0548335314e-02
  1.1423905194e-01
  -5.6425482035e-02
  7.3658093810e-02
  2.0334938169e-01
  1.4801204205e-01
  5.9501949698e-02
  -7.0937141776e-02
  -1.6154874861e-01
  1.1991441995e-01
  4.5663021505e-02
  2.0547683537e-01
  7.5690567493e-02
  1.1719413102e-01
  1.0067974776e-01
  -1.7966280878e-01
  5.4164640605e-02
  -6.4620949328e-02
  1.0883998126e-01
  1.3039325178e-01
  2.3227895796e-01
  -8.3082072437e-02
  -7.7119320631e-02
  1.0143842548e-01
  1.3337045908e-01
  4.9241378903e-02
  6.1987727880e-02
  -2.2108246386e-01
  -9.1624327004e-02
  -3.6662600935e-02
  1.6653904319e-01
  1.9446304068e-02
  3.0613319948e-02
  4.8934251070e-02
  -6.1360561848e-01
  1.9256280363e-01
  2.8589993715e-01
  -1.7048302293e-01
  -3.3658489585e-01
  -3.1813547015e-01
  -1.5395164490e-01
  -1.5361168981e-01
  7.1970522404e-02
  5.2438836545e-02
  -3.3660526387e-03
  -1.4300125837e-01
  -4.3651666492e-02
  -6.3462063670e-02
  8.0222487450e-02
  1.1613255739e-01
  1.4361642301e-01
  -1.1161626875e-01
  -1.0174218565e-01
  5.6813403964e-02
  7.5938098133e-02
  -1.4028260112e-01
  1.0210029036e-01
  -1.0148587078e-01
  -3.4402925521e-02
  3.0597752333e-01
  5.4028183222e-02
  2.2377309203e-01
  -7.1376368403e-02
  6.8279236555e-02
  8.9839041233e-02
  1.8652470410e-01
  -2.3572407663e-01
  2.4014349282e-01
  1.2505099177e-01
  2.3613192141e-01
  -1.7662276328e-01
  -1.8861803412e-01
  -4.2709883302e-02
  -1.4424351975e-02
  7.2719499469e-02
  -4.9247238785e-02
  3.1731021404e-01
  1.3787367940e-01
  2.3454274237e-01
  1.2679520249e-01
  1.7819513381e-01
  -6.1160419136e-02
  -5.2782478742e-03
  -1.6565095633e-02
  -8.9248456061e-02
  1.4267276227e-01
  1.8379124999e-01
  1.8357931077e-01
  1.7526081204e-01
  -7.5028039515e-02
  5.1458518952e-02
  5.5677350610e-03
  -4.5639541000e-02
  3.7756223232e-02
  1.0753477924e-02
  -8.9664816856e-02
  -3.6306139082e-02
  -1.4862273820e-02
  -1.2537099421e-01
  -1.4076368511e-01
  1.3674694300e-01
  -2.4919462204e-01
  4.7729149461e-02
  7.4741087854e-02
  3.7631663680e-01
  -8.4248237312e-02
  -1.3694639504e-01
  1.4787860215e-01
  -6.4589798450e-02
  -6.0286968946e-02
  3.6320287734e-02
  -2.5652766228e-02
  1.1640098691e-01
  -2.2019593418e-01
  7.8973025084e-02
  -3.1308680773e-02
  -1.6862942278e-01
  7.8797198832e-02
  -1.2672549114e-02
  3.7402895093e-01
  1.4320152998e-01
  -6.6673368216e-02
  1.3150093146e-02
  -1.7444221675e-01
  1.1545233428e-01
  -3.1101176515e-02
  4.5039322227e-02
  2.8398396447e-02
  5.9798229486e-02
  2.1432319283e-01
  4.9567397684e-02
  1.3003624976e-01
  7.7011913061e-02
  -6.0275427997e-02
  -1.6696298495e-02
  -1.0884241201e-02
  3.9510253817e-02
  4.4626958668e-02
  -6.6878408194e-02
  3.1101035420e-03
  4.6425309032e-02
  -1.7785178125e-01
  -1.2254141271e-01
  -1.6221615672e-01
  1.5182310343e-01
  -2.4253417552e-01
  -5.8718364686e-02
  5.0534009933e-02
  -1.3059619069e-01
  1.7912513018e-01
  -9.8289161921e-02
  -4.7017663717e-02
  6.7201301455e-02
  1.0839498788e-01
  -5.9635575861e-02
  1.3385915756e-01
  -7.4545435607e-02
  4.4155921787e-03
  1.4606535435e-01
  7.3476321995e-02
  -3.8064185530e-02
  4.2004842311e-02
  -7.0206776261e-02
  -8.1814602017e-03
  9.1885536909e-02
  2.0258657634e-01
  6.3252359629e-02
  1.0244765133e-01
  -9.5149740577e-02
  1.0505125858e-02
  -9.2276953161e-02
  -5.2275903523e-02
  -1.0408541188e-02
  -2.1643836796e-01
  -9.8194636405e-02
  -7.9999879003e-02
  -5.7815078646e-02
  1.8053697050e-01
  2.7143167332e-02
  3.4138862044e-02
  -1.7597350478e-01
  1.4620827138e-01
  -5.4328791797e-02
  -4.2242817581e-02
  -1.0361436009e-01
  1.7751865089e-01
  -1.7171030864e-02
  -7.9184547067e-02
  -7.2437815834e-04
  1.2715350091e-01
  8.9285872877e-02
  -1.0703162849e-01
  -6.1380010098e-02
  -8.7455131114e-02
  -7.5780712068e-02
  -2.0181699097e-01
  8.5928849876e-03
  3.9691951126e-02
  1.3332311809e-01
  -5.1108859479e-02
  5.8981817216e-02
  1.0582529753e-01
  -2.9154423624e-02
  -8.2115419209e-02
  4.0280558169e-02
  -2.6407375932e-01
  -2.2177922726e-01
  8.8252680143e-04
  -1.0195261985e-01
  7.1923756041e-03
  -8.9565157890e-02
  -5.7170614600e-03
  1.4157740772e-01
  -6.0414131731e-02
  -1.7535449564e-01
  -8.4107577801e-02
  3.7413254380e-02
  1.0418044031e-01
  5.0049018115e-02
  -1.4474006370e-02
  -1.7626419663e-01
  1.2663257122e-01
  2.4233894423e-02
  -1.9724056125e-01
  8.2206122577e-02
  7.7724665403e-02
  3.2645863295e-01
  -4.5150257647e-03
  -2.0172072947e-01
  -1.1873435229e-01
  1.2839580886e-02
  -1.3551191986e-01
  1.0435245931e-01
  -4.7670297325e-02
  2.5040071458e-02
  1.6212588549e-01
  -3.4584175795e-02
  -1.5490207076e-01
  1.2927395105e-01
  -1.3524803519e-01
  2.1590621769e-01
  6.3022442162e-02
  -1.5807902813e-01
  1.7565175891e-01
  1.2495853752e-01
  3.6443307996e-02
  -2.0160014927e-01
  1.9850465655e-01
  2.6101535559e-01
  1.9400490820e-01
  -6.9105826318e-02
  1.2500187755e-01
  1.3636818528e-01
  8.1579118967e-02
  -9.2293031514e-02
  -9.6908574924e-03
  2.3832565174e-02
  -1.3490362465e-01
  4.9393914640e-02
  -6.7255295813e-02
  -1.2689633667e-01
  -3.8075525314e-02
  1.9232927263e-01
  -2.2714924812e-01
  9.5151193440e-02
  1.0930732638e-01
  -1.3326179981e-01
  -2.2620625794e-01
  -7.4856393039e-02
  3.0432607979e-02
  -2.4872009456e-01
  2.5514448062e-02
  1.6183611751e-01
  -2.8424408287e-02
  1.9468480349e-01
  3.0169171095e-01
  1.0099869967e-01
  2.2785052657e-01
  -2.2081767023e-01
  -1.7414936423e-01
  1.3699281216e-01
  -3.1859297305e-02
  -8.4512121975e-02
  -4.3861150742e-02
  1.1048993096e-02
  1.1514515430e-01
  -3.3565443754e-01
  -2.9169568419e-01
  6.2838792801e-02
  -1.9896753132e-01
  -5.6506853551e-02
  1.8206538260e-01
  -1.2696547806e-01
  1.0592510551e-01
  5.5113673210e-02
  -1.2337675318e-02
  2.5474140048e-01
  6.0667401552e-01
  3.7429848313e-01
  3.6060458422e-01
  2.2952124476e-01
  2.6490417123e-01
  7.0784203708e-02
  -2.0928379893e-01
  -4.8457944393e-01
  3.3984732628e-01
  6.7499995232e-02
  -7.3656938039e-03
  1.6003477573e-01
  1.0353677720e-01
  -3.0036792159e-01
  -1.2475027144e-01
  2.7133834362e-01
  4.2402122170e-02
  -8.9732877910e-02
  1.3974786736e-02
  2.9672473669e-02
  2.0983418822e-01
  2.5676235557e-01
  2.7702075243e-01
  5.7366319001e-02
  -1.5423201025e-01
  -3.1091455370e-02
  -9.1070421040e-02
  3.0789336562e-01
  -4.5265489817e-01
  2.4163696170e-01
  -1.0287150741e-01
  2.8278544545e-02
  -2.9771421105e-02
  2.4706851691e-02
  1.1672154069e-01
  3.6683689803e-02
  1.8565188348e-01
  1.9018416107e-01
  6.4865872264e-02
  7.7551856637e-02
  1.7320115864e-01
  7.3201648891e-02
  -2.1513244137e-02
  -8.5295364261e-02
  5.9714581817e-02
  -2.5930488110e-01
  9.5316112041e-02
  1.5793874860e-01
  1.4513958991e-01
  1.5985669196e-01
  6.1223108321e-02
  -7.7223710716e-02
  -1.4256644994e-02
  5.0894208252e-02
  6.0329116881e-02
  1.2414120883e-01
  -3.8859233260e-02
  1.0430437326e-01
  2.4955779314e-01
  -1.5228314698e-01
  3.9731230587e-02
  1.4518125914e-02
  2.0063230395e-01
  -4.6406490728e-03
  -6.8140871823e-02
  -5.4546367377e-02
  2.8165029362e-03
  -5.4227579385e-02
  7.4356690049e-02
  8.2793191075e-02
  1.4675992727e-01
  1.8588188291e-01
  -1.7550426722e-01
  -3.5483933985e-02
  -1.3262248039e-01
  5.8602545410e-02
  1.6171173751e-01
  4.1627416015e-01
  7.0416614413e-02
  -1.1802739650e-01
  -5.9588644654e-02
  -1.5285969712e-03
  -1.1986185610e-01
  -5.5536128581e-02
  8.6705766618e-02
  2.9811583459e-02
  2.1232496202e-01
  -1.0046812892e-01
  -7.9812683165e-02
  -1.3174770400e-02
  2.1560783684e-01
  -2.1015256643e-02
  3.0879396945e-02
  -1.0240849108e-02
  8.1660322845e-02
  -2.5804906618e-03
  1.5576614439e-01
  9.6379108727e-03
  -1.7529518902e-01
  8.3819702268e-02
  2.5130200386e-01
  6.4733810723e-02
  -4.1536308825e-02
  -2.7198906988e-02
  -1.1027578264e-01
  9.1836012900e-02
  5.4963339120e-02
  -1.6715505719e-01
  -1.4960473776e-01
  -1.8014051020e-01
  -1.4734534919e-01
  -2.0947949588e-01
  -9.2328414321e-02
  -6.4639531076e-02
  2.3243097961e-01
  -1.8941552937e-01
  -2.8679719567e-01
  3.2248825300e-03
  -4.6030506492e-02
  -1.0512842564e-03
  -9.4857171178e-02
  -1.8922642339e-03
  -1.6931311786e-01
  4.9546331167e-02
  -1.0257178545e-01
  -3.0267704278e-02
  2.7016930282e-02
  9.7745522857e-02
  5.8823805302e-02
  7.1973077953e-02
  7.3357790709e-02
  5.0415240228e-02
  8.9469656348e-02
  -7.6079659164e-02
  1.5018077195e-01
  1.0994745791e-01
  -4.8603758216e-02
  -1.2366824597e-01
  1.8000830710e-01
  7.7115343884e-03
  -4.5883473009e-02
  1.9417526200e-03
  2.5168862939e-01
  1.9576238468e-02
  -8.1587068737e-02
  -2.8658522293e-02
  -3.2388135791e-02
  8.4647536278e-03
  6.6771999002e-02
  9.9553249776e-02
  1.1206125468e-01
  -9.0228267014e-02
  -4.4920369983e-02
  -3.6136724055e-02
  -1.6891588271e-01
  7.9310305417e-02
  -3.0181369185e-01
  6.4027130604e-02
  2.0877225325e-02
  -1.4752182364e-01
  1.6098342836e-01
  2.5575354695e-01
  1.4921880327e-02
  2.7373006567e-02
  1.2072223239e-02
  7.8965820372e-02
  2.9999759048e-02
  1.7694102600e-02
  2.7006384917e-03
  7.3938950896e-02
  -3.4868363291e-02
  -1.6908859834e-02
  -1.1569669098e-01
  -1.3833154738e-01
  -2.0668888092e-01
  1.5337346494e-01
  1.2932306528e-01
  1.2267981470e-01
  -2.6500999928e-01
  -9.0161487460e-02
  3.3236902207e-02
  -4.8293884844e-02
  -6.7854993045e-02
  8.2992024720e-02
  -1.0211532563e-01
  -1.1344829947e-01
  -3.6348283757e-03
  -2.0314402878e-02
  7.3542777682e-04
  -4.2260337621e-02
  -5.5468369275e-02
  -2.6808527112e-01
  -3.5093147308e-02
  9.9656805396e-02
  7.7418804169e-02
  -6.2095798552e-02
  7.5603127480e-02
  -9.1208130121e-02
  8.9598640800e-02
  -8.6865186691e-02
  9.7364544868e-02
  9.0802900493e-02
  -1.2629802525e-01
  -2.0820631087e-01
  -1.2667845190e-01
  8.7256416678e-02
  -6.6058084369e-02
  -1.0517774522e-01
  -1.3079015911e-01
  7.9666666687e-02
  -5.4922848940e-02
  8.9430339634e-02
  -7.2262369096e-02
  -6.7630030215e-02
  -1.7447272316e-02
  -1.3444787823e-02
  -1.4928670228e-01
  1.1460571736e-01
  1.7548434436e-01
  -7.0511028171e-02
  5.8469463140e-02
  -1.3173666596e-01
  8.1416204572e-02
  -3.0533410609e-02
  -7.0239700377e-02
  -3.9967413992e-02
  4.5178504661e-03
  -3.4552808851e-02
  -1.4581343532e-01
  -1.1138738692e-01
  -1.3422237337e-01
  -7.0285424590e-02
  -7.9093955457e-02
  -1.3635997474e-01
  -1.3762271404e-01
  3.6366160959e-02
  -7.4471049011e-03
  1.1000868678e-01
  7.4050858617e-02
  -1.0268769413e-01
  -1.7360331118e-01
  3.1751487404e-02
  5.8014057577e-02
  -3.6412093788e-02
  7.6553575695e-02
  2.0329527557e-01
  1.7883507907e-01
  -1.7332613468e-02
  -5.0348289311e-02
  -4.4944912195e-02
  -6.3587911427e-03
  -2.3168013990e-01
  -1.7310058698e-02
  -1.0182189941e-01
  4.2468998581e-02
  3.3893786371e-02
  6.3811615109e-02
  1.0728678852e-01
  4.0514923632e-02
  1.2409137934e-01
  -5.4937846959e-02
  -8.7373472750e-02
  -4.7090981156e-02
  1.1525388807e-01
  7.2169370949e-02
  9.9954623729e-03
  -9.6617974341e-03
  2.9308727384e-01
  1.8284569681e-01
  9.4358287752e-02
  -1.1585545540e-01
  1.3402119279e-01
  5.8743823320e-02
  1.7570438981e-01
  3.5457469523e-02
  3.1028586626e-01
  9.7292019054e-03
  1.2024045736e-01
  1.3133171201e-01
  -1.6075459123e-01
  3.8424644619e-02
  2.8778042644e-02
  -1.7313314974e-01
  -2.1991765499e-01
  -4.9613296986e-02
  2.0399233699e-01
  3.8546670228e-02
  -7.4841985479e-03
  -1.3232772052e-01
  -9.5684416592e-02
  6.7182600498e-02
  1.3012051582e-01
  -1.5598241985e-01
  1.3032729924e-01
  1.4872729778e-01
  -1.6421669722e-01
  -4.8930551857e-02
  -8.0395944417e-02
  5.3377501667e-02
  4.1984137148e-02
  7.4631266296e-02
  -3.3190693706e-02
  -1.2577356398e-01
  -5.3371526301e-02
  -1.2175799906e-01
  -1.4906890690e-01
  -1.7972212285e-02
  -1.4063586295e-01
  1.9575456157e-02
  -2.9582155403e-03
  1.1371605843e-01
  9.9681228399e-02
  1.3004669547e-01
  9.5699258149e-02
  -1.0866113007e-01
  -2.0915953815e-01
  1.0384155065e-01
  3.8930729032e-02
  -5.9834512649e-04
  6.2416654080e-02
  -8.6515635252e-02
  -2.5245992467e-02
  1.1539349332e-02
  -1.4289489388e-01
  1.2385952473e-01
  -1.1781936139e-01
  2.5262919068e-01
  -2.3611821234e-02
  -3.6336016655e-01
  -8.2954958081e-02
  -9.6701592207e-02
  1.1440109462e-01
  1.3912503421e-01
  8.7042056024e-02
  -1.7848140001e-01
  -6.3324324787e-02
  -8.6902221665e-03
  -1.4761281013e-01
  1.3729695976e-01
  -4.1478540748e-02
  7.8532189131e-02
  2.8124583885e-02
  -2.2871071100e-01
  1.0640409589e-01
  -5.1023885608e-02
  7.5044520199e-02
  1.8755378202e-02
  6.6199511290e-02
  5.2480533719e-02
  1.5906699002e-01
  7.3510795832e-02
  6.6485777497e-03
  -1.1021219194e-01
  1.8032981455e-01
  6.9356285036e-02
  -2.0446678996e-01
  -2.0226709545e-01
  -1.4788606763e-01
  -3.0297669768e-01
  -1.5060617030e-01
  -7.2357252240e-02
  -3.0091300607e-01
  -4.0701925755e-03
  1.0165840387e-01
  6.4086198807e-02
  1.4011344314e-01
  -2.3690631986e-01
  -1.6479061544e-01
  -1.1201065034e-01
  -8.3473145962e-02
  -5.6266196072e-02
  1.8933925778e-02
  5.1675464958e-02
  3.4034259617e-02
  5.1887001842e-02
  3.5811718553e-02
  -3.2020393759e-02
  -1.6837817430e-01
  4.2851272970e-02
  6.4258426428e-03
  2.0211718976e-01
  -1.1523564905e-01
  -1.4554253221e-01
  -1.2169414759e-01
  -8.7676793337e-02
  -3.1254943460e-02
  -3.7292521447e-02
  1.3858582079e-01
  2.7757340670e-01
  8.3182066679e-02
  1.0579022020e-01
  -2.3641046137e-02
  1.0348241776e-01
  3.0241515487e-02
  1.8186721206e-01
  7.8484632075e-02
  6.9134213030e-02
  6.0853634030e-02
  -7.6063521206e-02
  7.4844814837e-02
  -1.7749285698e-01
  3.5971909761e-01
  6.2993012369e-02
  1.1597620323e-02
  -1.3989846408e-01
  7.9826973379e-02
  1.5541284345e-02
  1.5755744278e-01
  2.7652469277e-01
  -4.0066417307e-02
  -5.9842411429e-02
  2.3420603573e-01
  6.3947848976e-03
  -2.6467180252e-01
  -2.0868477225e-01
  1.4559264481e-01
  -1.2546868064e-02
  2.1867442131e-01
  -7.1988686919e-02
  9.6846044064e-02
  -1.5427623689e-01
  6.9398984313e-02
  -1.7225395888e-02
  4.1263610125e-02
  8.7895736098e-02
  4.1614785790e-02
  1.1205094308e-01
  -1.0086092353e-01
  -1.8175218999e-01
  1.3357542455e-01
  6.0230340809e-02
  1.3023457490e-02
  -8.4457531571e-02
  -6.6204175353e-02
  -9.1754756868e-02
  -1.6600902379e-01
  -2.2598673403e-01
  4.1266683489e-02
  -5.9914817102e-03
  1.2989334762e-01
  -9.1875404119e-02
  1.5166506171e-01
  1.3215924799e-01
  5.9518754482e-02
  2.0357480273e-02
  -1.0101719946e-01
  9.2803813517e-02
  -5.8227530681e-03
  6.9316744804e-02
  2.9458409548e-01
  1.2084964663e-01
  1.5953403711e-01
  3.7940464914e-02
  1.9054894149e-01
  4.5015081763e-02
  -3.6045216024e-02
  -2.4294587784e-03
  -1.2887558341e-01
  6.8278752267e-02
  -2.2645177320e-02
  1.8221998215e-01
  -1.1493023485e-01
  7.0509821177e-02
  -1.1545605958e-01
  -1.3148277998e-01
  1.4572514594e-01
  2.3622174561e-01
  -1.5604162216e-01
  8.7551288307e-02
  -1.4748145640e-01
  -2.2334133089e-01
  -1.0379878432e-01
  -1.1660622060e-01
  1.3284005225e-01
  8.8586010039e-02
  -4.6538714319e-02
  7.0868015289e-02
  1.3966462016e-01
  -4.2627621442e-02
  7.1293495595e-02
  -1.6660868423e-03
  6.8627305329e-02
  6.9484330714e-02
  -2.8600740433e-01
  -2.4142469466e-01
  2.6583090425e-01
  -5.6553088129e-02
  -3.8333997130e-02
  -7.1767129004e-02
  1.8798677623e-01
  1.0038153082e-01
  -7.6894849539e-02
  1.0017092526e-01
  -6.5092128515e-01
  1.2034188956e-01
  -2.6512026787e-02
  1.0307796299e-02
  -1.0602938384e-01
  -8.0294162035e-02
  -2.5066463277e-03
  1.3135097921e-02
  2.8758069873e-01
  -2.6097206399e-02
  1.5960629284e-01
  -2.7419475373e-03
  9.0639561415e-02
  -2.0378004760e-02
  5.5255182087e-02
  1.8397735059e-01
  1.4006631076e-01
  -6.7727215588e-02
  1.5363515355e-02
  5.5612293072e-03
  2.2158713639e-01
  -8.4458082914e-02
  -9.9712973461e-03
  -9.4878310338e-03
  7.6151914895e-02
  1.0218949616e-01
  -2.9520308599e-02
  1.0530369729e-01
  6.3814021647e-02
  3.8114920259e-02
  -7.5557023287e-02
  -2.2794062272e-02
  -1.9015759230e-01
  -6.7010492086e-02
  -1.2023346126e-01
  1.2006007880e-01
  -2.0002463460e-01
  -2.7208966203e-03
  -4.4664639980e-02
  -1.2832997739e-01
  -7.5334608555e-02
  -2.1852593124e-01
  1.4250575565e-02
  -8.2149118185e-02
  -8.5231143236e-01
  -6.2645387650e-01
  -4.5653855801e-01
  -2.2943632305e-01
  -2.8526604176e-01
  -3.8261607289e-02
  -7.1915194392e-02
  9.4819910824e-02
  -6.1969108880e-02
  3.7413887680e-02
  1.9859902561e-01
  2.4442085996e-02
  4.2859710753e-02
  -7.3143042624e-02
  8.0067567527e-02
  -1.4800068736e-01
  -2.1779222786e-01
  1.1727993190e-01
  -1.3568873703e-01
  1.1516992003e-02
  6.3467295840e-03
  3.0266858637e-02
  1.1006393284e-01
  -3.0724903941e-01
  1.9022931159e-01
  4.7698327899e-01
  1.0373074561e-02
  -1.2528412044e-01
  2.6503163576e-01
  -6.0285907239e-02
  1.0227760673e-01
  3.4115162492e-01
  2.6585724950e-01
  4.6994902194e-02
  -5.6181035936e-02
  -1.4792984724e-01
  5.8077663183e-02
  1.0857882351e-01
  7.0520401001e-02
  -1.8427027762e-01
  9.6034869552e-02
  5.0160203129e-02
  -3.0382810161e-02
  -2.4154235423e-01
  4.6324763447e-02
  1.2048258446e-02
  1.0359930992e-01
  -7.5920872390e-02
  4.3705791235e-02
  -1.5264609456e-01
  -7.4279800057e-02
  9.7799465060e-02
  -1.3280874491e-01
  3.2310643792e-01
  3.0733695254e-02
  1.7875663936e-02
  2.3818106949e-01
  7.0391058922e-02
  -6.2310233712e-02
  3.6721657962e-02
  7.1986421943e-02
  1.5007890761e-01
  9.8559223115e-02
  -1.6452871263e-01
  1.0393729806e-01
  -2.7903771400e-01
  2.9731404036e-02
  6.6280320287e-02
  -2.1169885993e-01
  -7.8776413575e-03
  -8.0530241132e-02
  -1.1653930694e-01
  -1.9860905409e-01
  1.6789676249e-01
  -1.9724066556e-01
  9.4274297357e-02
  1.1292536557e-01
  2.1218340099e-01
  2.3162099719e-01
  1.1277788877e-01
  -1.3933667913e-02
  1.8766187131e-01
  1.2669065595e-01
  1.0675308853e-01
  6.8146899343e-02
  1.1560953408e-01
  -1.0611519217e-01
  -8.3400793374e-02
  1.4179144055e-02
  -1.9342370331e-01
  -5.2248407155e-02
  6.3840992749e-02
  -2.1261100471e-01
  -2.0772299170e-01
  6.8304769695e-02
  2.2924004123e-02
  6.5885886550e-02
  5.6522417814e-02
  -1.9998686016e-01
  5.7146120816e-02
  1.9296498597e-01
  5.5807001889e-02
  3.2429194450e-01
  -7.6320216060e-02
  1.2142575346e-02
  4.8614788800e-02
  -3.4716982394e-02
  1.1631424725e-01
  -1.0269885510e-01
  -3.9888536930e-01
  4.8853162676e-02
  -2.7419712394e-02
  -5.0536775962e-03
  -1.9988159835e-01
  1.1929316074e-01
  -3.0124140903e-02
  -1.4546501637e-01
  2.6737186313e-01
  -6.4287863672e-02
  -6.7061319947e-02
  3.2180275768e-02
  1.3539350592e-02
  3.7360604852e-02
  1.5069015324e-02
  7.5334608555e-01
  -1.5052990615e-01
  -5.5258071423e-01
  4.7008950263e-02
  -1.8391928077e-01
  9.5860965550e-02
  -6.4386971295e-02
  -1.7621986568e-01
  -1.9313124940e-02
  -2.0790195465e-01
  1.0244397074e-01
  -6.0063447803e-02
  -5.9334501624e-02
  7.4003435671e-02
  -9.0180583298e-02
  -1.5819293261e-01
  -2.9986819625e-01
  1.2821087614e-02
  9.6276827157e-02
  5.4031319916e-02
  -6.1248090118e-02
  -2.2870358825e-01
  1.4479577541e-01
  5.2704546601e-02
  1.8377177417e-01
  -1.0222185403e-01
  -6.7362412810e-02
  -1.3546289504e-01
  -3.4631475806e-01
  2.2549407557e-02
  7.4047781527e-02
  -3.3530130982e-02
  -2.9188893735e-02
  -3.1949732453e-02
  -2.9976781458e-02
  -7.0249266922e-02
  -8.2358494401e-02
  -1.2715441175e-02
  5.7219684822e-04
  -1.8722331524e-01
  4.6464897692e-02
  -1.5668310225e-01
  -2.2443976998e-01
  1.1706821620e-02
  1.2098992616e-01
  5.0795465708e-02
  1.3723835349e-01
  -5.8539938182e-02
  -9.9388822913e-02
  -2.3324932903e-02
  -2.6524474844e-02
  1.5058237314e-01
  2.6384153962e-01
  1.3061177731e-01
  1.4830274880e-01
  1.8740769476e-02
  -6.2376614660e-02
  5.3834550083e-02
  -2.2756498307e-02
  -1.3770300150e-01
  -2.2006655112e-02
  -9.4363860786e-02
  -1.0952508450e-01
  -1.0524102300e-01
  2.0541426539e-01
  -3.5664465278e-02
  -2.3237645626e-01
  4.0318146348e-02
  -4.3818783015e-02
  3.5650819540e-01
  6.9856680930e-02
  -1.1973874271e-01
  2.5138473511e-01
  7.4592150748e-02
  -1.8141340697e-03
  2.2509172559e-01
  3.3393397927e-02
  -9.6474558115e-02
  -2.5224229321e-02
  -1.0141502321e-01
  1.4822630584e-01
  -9.0034373105e-02
  -1.7924897373e-01
  2.0633958280e-01
  -2.6251174510e-02
  3.1028565764e-01
  2.7998816967e-01
  -1.4849652350e-01
  -1.6283211112e-01
  -8.8014259934e-02
  -7.4333518744e-02
  -1.4754033089e-01
  2.1417246759e-01
  -2.9243517667e-02
  3.2648988068e-02
  5.6926894933e-02
  -5.6881584227e-02
  -1.0718709230e-01
  5.9836912900e-02
  -1.1237862706e-01
  -2.2689458728e-01
  -1.0364113748e-01
  4.9837265164e-02
  1.5402820706e-01
  1.6666276753e-01
  1.2920179963e-01
  -7.0730045438e-02
  -5.0787132233e-02
  7.1876615286e-02
  3.4074199200e-01
  -1.1341970414e-02
  -1.8997092545e-01
  -6.1769433320e-02
  7.9521946609e-02
  1.5365701914e-01
  -7.1656219661e-02
  -1.0773325711e-01
  -1.3182197511e-01
  -5.7210437953e-02
  -1.3994751871e-01
  -4.2103037238e-02
  8.2320503891e-02
  -2.6574682444e-02
  7.1680814028e-02
  -3.2346814871e-01
  -1.5204328299e-01
  3.5425579548e-01
  4.7640789300e-02
  -5.8853495866e-02
  1.2019930780e-01
  -8.6935952306e-02
  -9.0174689889e-02
  1.0587609559e-01
  5.6565620005e-02
  -7.7211938798e-02
  -1.2525631487e-01
  -2.1414918825e-02
  -1.7810879275e-02
  -1.2951220572e-01
  3.3219903708e-02
  -1.5237303078e-01
  3.4156046808e-02
  -3.0054755043e-03
  -7.2379320860e-02
  3.7327751517e-02
  -2.6130296290e-02
  -1.3121742010e-01
  8.6784049869e-02
  3.8393739611e-02
  -1.2846329808e-01
  -6.5696410835e-02
  2.0150886476e-01
  -7.0201195776e-02
  -1.0301429778e-01
  2.4137425423e-01
  -4.3312903494e-02
  2.8853543103e-02
  -2.4778176844e-01
  6.8419468589e-03
  -1.2566900253e-01
  -6.1102360487e-02
  1.4543956518e-01
  -1.3586148620e-01
  -2.7713660151e-02
  5.6976329535e-02
  1.5201306343e-01
  -1.5284176916e-02
  -2.1376350522e-01
  -1.7187407613e-01
  1.0085602850e-01
  6.1881914735e-02
  3.5733163357e-02
  -8.0994792283e-02
  3.5050150752e-01
  -1.6992211342e-01
  -1.2674348056e-01
  -1.6370202601e-01
  8.8188767433e-02
  2.0375294983e-01
  -9.9520407617e-02
  -5.4447539151e-02
  -3.7628775835e-01
  1.9433452189e-01
  1.3208630681e-01
  6.0813833028e-02
  -6.3530541956e-02
  -3.6134451628e-02
  -2.5071296096e-01
  1.1814484745e-01
  3.4732863307e-02
  -1.8115319312e-02
  -7.0774026215e-02
  -6.7984096706e-02
  -3.0794745684e-01
  -2.2911364213e-02
  1.0752971470e-01
  -8.0671727657e-02
  -3.8291014731e-02
  3.3952730894e-01
  -3.3253028523e-03
  4.2787894607e-02
  -9.7925402224e-02
  7.4395090342e-02
  -1.0761167854e-01
  1.4411212504e-01
  1.2853020430e-01
  -1.9971424341e-01
  -6.6679231822e-02
  1.6702926159e-01
  1.4718542993e-01
  2.3970942199e-01
  1.6724567860e-02
  -6.7001312971e-02
  -2.1067760885e-01
  -1.6071189940e-01
  -8.5377894342e-02
  -1.6244564950e-01
  -3.5550845787e-03
  3.2707579434e-02
  -4.5094549656e-02
  6.9850228727e-02
  -1.7958189547e-01
  1.4098724723e-01
  1.2589712441e-01
  1.0266386904e-02
  -1.8704804778e-01
  -9.1193160042e-03
  -2.2950130701e-01
  3.2248686999e-02
  -8.0420114100e-03
  5.4964166135e-02
  2.9554349184e-01
  -6.3776314259e-02
  -2.4051703513e-01
  -2.1673787385e-02
  9.5052987337e-02
  9.0728878975e-02
  1.2840247154e-01
  -1.3429953158e-01
  3.3081892878e-02
  -1.2634578347e-01
  9.2054106295e-02
  3.7747137249e-02
  6.6714987159e-02
  5.1837749779e-02
  -7.5285872445e-03
  -1.2050336599e-01
  8.5352689028e-02
  8.3307079971e-02
  -1.7454850674e-01
  1.3964477181e-01
  -7.9379312694e-02
  2.4438226223e-01
  2.3912573233e-03
  3.0141764879e-01
  1.2049596012e-01
  9.5830252394e-03
  -9.2863328755e-02
  -1.4773358405e-01
  -2.0772664249e-01
  1.3436415792e-01
  -4.9954680726e-03
  -5.6960169226e-02
  -5.9616189450e-02
  1.8484795094e-01
  -2.3698680103e-01
  -2.1424541250e-02
  4.5238442719e-02
  -1.8781501055e-01
  -8.5652135313e-02
  3.1803302467e-02
  -3.7757804990e-01
  -2.2838173807e-01
  8.4323443472e-02
  -1.1939784139e-01
  9.8707430065e-02
  -2.6804223657e-01
  -7.5576707721e-02
  -4.3280761689e-02
  -9.2377483845e-02
  1.9881704450e-01
  -1.4666986465e-01
  1.8723489717e-02
  8.3584487438e-03
  9.6171408892e-02
  -9.8869934678e-02
  1.4894849062e-01
  1.8795663118e-01
  7.2243332863e-02
  1.2080532312e-01
  7.0218956098e-03
  1.2416098267e-01
  -3.6432065070e-02
  -9.4280332327e-02
  1.7323765159e-01
  -3.1935825944e-02
  1.8389800191e-01
  -4.5837968588e-02
  3.7774704397e-02
  -1.2865062058e-01
  8.3146341145e-02
  -7.5159117579e-02
  -8.9220061898e-02
  7.8641369939e-02
  -1.4761699736e-01
  7.5684711337e-02
  -8.2000352442e-02
  6.2690544873e-03
  9.3506120145e-02
  -1.4823629521e-02
  1.1923947185e-01
  4.2503956705e-02
  4.0297385305e-02
  1.3382281363e-01
  1.2399947271e-02
  3.6606177688e-02
  6.6538617015e-02
  -6.9212786853e-02
  9.8822548985e-02
  6.1676655896e-03
  -1.7287639901e-02
  1.3757785782e-02
  3.0319793150e-02
  -3.6942112446e-01
  3.1903317571e-01
  -3.1774111558e-03
  3.5145588219e-02
  -9.4026632607e-02
  -1.1804730445e-01
  -7.4581138790e-02
  7.8208513558e-02
  -1.1442703754e-01
  -2.0906658843e-02
  1.3904201798e-02
  1.7241378129e-01
  2.1929426491e-01
  -5.4409716278e-02
  -1.2147437036e-01
  1.1234855652e-01
  1.1624230444e-01
  1.4904413372e-02
  -1.1480335146e-01
  2.1186973155e-01
  3.0463516712e-01
  2.3818735778e-01
  8.8606208563e-02
  3.6102673411e-01
  -1.0960807651e-01
  1.1477733031e-02
  -1.5096105635e-01
  -1.5273727477e-01
  4.6890661120e-02
  -1.4596544206e-01
  -3.1442895532e-01
  3.4753974527e-02
  2.9606997967e-01
  1.1266174912e-01
  -6.9938518107e-02
  5.4926499724e-02
  -2.2051508725e-01
  -1.4937680960e-01
  -1.5637284517e-01
  9.3477621675e-02
  -4.5567654073e-02
  2.2413258255e-01
  -1.0563901067e-01
  -1.1230163276e-01
  -2.4207184091e-02
  2.4996726215e-01
  2.3726829886e-01
  5.7248707861e-02
  -1.1606588960e-02
  -6.7160204053e-02
  1.6045530140e-01
  -6.8327359855e-02
  -6.3265591860e-02
  -1.0491015762e-01
  1.4205725491e-01
  -8.5177265108e-02
  5.4318428040e-02
  5.2827171981e-02
  -9.3386270106e-02
  7.2325251997e-02
  1.2178855389e-01
  2.9551578686e-02
  -1.2954524718e-02
  1.9136816263e-01
  -1.0637044907e-01
  1.3563436270e-01
  -6.2607213855e-02
  1.3151979446e-01
  2.6872435585e-02
  8.0162383616e-02
  1.5296488069e-02
  1.6297985613e-01
  2.2542385757e-01
  1.2571907043e-01
  1.1076361686e-01
  -1.0953845084e-01
  -9.0150848031e-02
  -8.6689785123e-02
  1.6807984561e-02
  -1.0453920811e-01
  -1.4531692863e-01
  -2.9145279527e-01
  -3.4965362400e-02
  1.6210132837e-01
  5.3485844284e-02
  -4.2866181582e-02
  -3.9875771850e-02
  1.7036573589e-01
  -3.3706437796e-02
  -2.3165789247e-01
  -9.6868842840e-02
  2.9195968062e-02
  -4.0014144778e-01
  2.4989288300e-02
  -1.1382628977e-01
  1.0974811018e-01
  2.9377279803e-02
  5.4949045181e-02
  1.5312275290e-01
  -2.2473704815e-01
  -1.7865958810e-01
  8.0517910421e-02
  -2.1310633421e-01
  -6.2716826797e-02
  -1.1970150471e-01
  -2.1573888138e-02
  -7.3049753904e-02
  1.5973545611e-01
  1.4958854020e-01
  2.3134791851e-01
  1.0033513606e-01
  -8.8025428355e-02
  1.6269138455e-01
  -2.0438373089e-01
  -3.8721658289e-02
  -1.0098426603e-02
  -2.3593097925e-01
  -3.6751996726e-02
  1.1284030229e-01
  3.2012739778e-01
  6.1583463103e-02
  -1.2210571021e-01
  7.8057430685e-02
  -1.9294199347e-01
  -3.0044509098e-02
  1.3299350441e-01
  -2.4130117893e-01
  -9.7135510296e-03
  9.2421686277e-03
  8.5969507694e-02
  5.2859220654e-02
  -1.3602399826e-01
  -2.1268020570e-01
  -1.3183215261e-01
  -1.1686945707e-01
  -1.1169106700e-02
  -2.4244458973e-01
  -4.6114504337e-02
  2.9864458367e-02
  -9.8739750683e-02
  2.1954305470e-01
  -2.5530427694e-01
  7.3576621711e-02
  -1.5700927377e-01
  4.7132615000e-02
  9.4928503036e-02
  -5.7305220515e-02
  4.9588020891e-02
  -2.0770367980e-01
  -4.3975850567e-03
  3.8929857314e-02
  1.9751940668e-01
  -4.9044605345e-02
  1.6385531053e-03
  2.5551952422e-02
  9.3828529119e-02
  -2.5117683411e-01
  -7.2220906615e-02
  1.0884881765e-01
  -4.7998163849e-02
  -2.6136771776e-03
  2.2315204144e-01
  -8.3984695375e-02
  1.7437270284e-01
  -2.6560172439e-02
  -1.4514335990e-01
  9.0735398233e-02
  -1.2914513052e-01
  -5.4978568107e-02
  3.9570730180e-02
  7.8356906772e-02
  9.8729148507e-02
  -4.6710159630e-02
  -1.2619081885e-02
  -1.2915165722e-01
  -1.2384309620e-01
  2.6688072830e-02
  2.1351007745e-02
  -1.0058077425e-01
  -1.3623440266e-01
  4.7041386366e-02
  -1.4933367074e-01
  2.1954786777e-01
  -1.2090759724e-01
  -3.1162161380e-02
  -1.0039912537e-02
  -6.9316610694e-02
  -1.5283867251e-03
  4.3739568442e-02
  7.8241616488e-02
  1.5448020399e-01
  1.0044370592e-01
  2.2644546628e-01
  -2.5797858834e-01
  2.3542544246e-01
  -1.0465639830e-01
  -6.4735449851e-02
  1.0277433321e-02
  -1.3654047251e-01
  9.6211843193e-02
  1.3102726638e-01
  -7.0922471583e-02
  -3.0103665590e-01
  8.2100577652e-02
  4.7621857375e-03
  1.6237400472e-02
  1.5041564405e-01
  -7.4701964855e-02
  -1.2271140516e-01
  -4.4951241463e-02
  4.8918928951e-02
  6.6377438605e-02
  -4.8385569826e-03
  2.0944648981e-01
  2.4482679367e-01
  2.3442882299e-01
  7.2524912655e-02
  -1.1498408020e-01
  6.6908724606e-02
  -1.5350128710e-01
  5.2725195885e-02
  -5.7661533356e-02
  -8.4376782179e-03
  -1.3318413869e-02
  7.2131752968e-02
  4.5631889254e-02
  -1.2755143642e-01
  -8.0277085304e-02
  -2.8325596824e-02
  1.5696372837e-02
  7.5928382576e-02
  -3.5160884261e-02
  -5.2643366158e-02
  -1.6718921065e-01
  -2.3678291589e-02
  -1.9606910646e-01
  -3.0908057094e-01
  -1.7704474926e-01
  -4.2973592877e-02
  2.0923397096e-04
  1.3517607749e-01
  -1.9455122948e-01
  7.6075501740e-02
  1.8841794133e-01
  1.5316860378e-01
  -4.8993930221e-02
  -1.4308308065e-01
  -6.3035495579e-02
  -6.7423135042e-03
  -1.1445106566e-01
  5.8366172016e-02
  2.0717707276e-01
  8.4615312517e-02
  1.7375922203e-01
  2.5216230750e-01
  -1.3285581768e-01
  9.3804463744e-02
  -2.6139909029e-01
  -1.0946837813e-01
  -1.3878694177e-01
  -1.4868669212e-01
  4.6361271292e-02
  1.9158910960e-02
  -3.6984896660e-01
  1.8014514446e-01
  -1.7792737484e-01
  1.0809668340e-02
  -8.5839524865e-02
  3.4241002053e-02
  -1.4144030400e-02
  -1.3196606934e-01
  -1.8578347564e-01
  -1.2865923345e-01
  -9.1249868274e-02
  -1.3555246592e-01
  7.0146180689e-02
  3.0286362767e-01
  8.5709832609e-02
  -7.0854224265e-02
  -4.1796572506e-02
  1.0399059206e-01
  -1.5558511019e-01
  -1.8008217216e-01
  9.8607977852e-03
  1.2472767383e-01
  2.7505323291e-01
  4.4915847480e-02
  -3.2574310899e-02
  7.0377930999e-02
  1.3941960409e-02
  -2.9901613016e-03
  1.1371754855e-01
  1.7165793478e-01
  1.4326004684e-01
  -8.4704168141e-02
  -6.6654205322e-02
  -5.0091054291e-03
  1.8676055968e-01
  -1.4942695200e-01
  -2.0952243358e-02
  3.3633309603e-01
  -4.2122460902e-02
  2.3152676225e-01
  5.5649639107e-03
  -1.7148286104e-01
  -1.3198664412e-02
  3.4386489540e-02
  -3.5643029213e-01
  1.0951815546e-01
  -1.0470580310e-01
  1.0513968766e-01
  1.2772978842e-01
  1.7812313139e-01
  5.0509903580e-02
  1.6094206274e-01
  7.4672020972e-02
  3.9309757948e-01
  1.8679133058e-01
  6.3684858382e-02
  -1.2653326988e-01
  -4.6408817172e-02
  1.2089447677e-01
  3.8640704006e-02
  1.1733689159e-01
  -1.5736031532e-01
  -1.0191419162e-02
  3.1302949786e-01
  7.6685294509e-02
  8.5328064859e-02
  1.4135702804e-04
  -1.3000455499e-01
  5.7048689574e-02
  -1.3658754528e-01
  -8.6148537695e-02
  -5.9044107795e-02
  6.4670562744e-02
  -2.1491844673e-03
  4.7702524811e-02
  -2.0361687988e-02
  -2.0839703083e-01
  -2.5245442986e-01
  -1.1408452690e-01
  6.8205155432e-02
  1.3099776581e-02
  -1.2172677368e-01
  2.5098703802e-02
  -2.4303790927e-01
  -2.0543584600e-02
  1.5549223125e-01
  -8.7204715237e-03
  -3.6673154682e-02
  6.4314953983e-02
  1.1711920612e-02
  1.2635701895e-01
  -9.4794720411e-02
  1.5642748773e-01
  3.3842393756e-01
  3.0987031758e-02
  3.4548226744e-02
  -3.9252504706e-02
  -4.6556413174e-02
  -1.0927876830e-01
  -2.1947686374e-01
  -1.2100296468e-01
  3.1869303435e-02
  2.9676614795e-03
  9.9784292281e-02
  2.3370504379e-01
  -1.7236922681e-01
  7.2098649107e-03
  -3.6103598773e-02
  -3.3359858394e-01
  2.3528409004e-01
  -7.0144347847e-02
  -2.2629030049e-02
  7.0125289261e-02
  -1.6850341856e-01
  2.0622724295e-01
  -1.7011970282e-01
  2.7271550894e-01
  2.8130233288e-01
  -5.5617610924e-03
  -8.0966576934e-02
  2.4062395096e-02
  3.4152548760e-02
  2.5269064307e-01
  -1.2432198972e-01
  2.5408864021e-02
  -3.6132574081e-02
  2.0333847031e-02
  -1.5495561063e-01
  1.3817991316e-01
  -7.7798053622e-02
  -1.9881130755e-01
  -1.4543810487e-01
  -3.9991587400e-02
  -2.2189980745e-01
  -2.5679499377e-03
  9.2308387160e-02
  -1.6849432886e-01
  1.1871398240e-01
  -9.6573673189e-02
  9.9847026169e-02
  -1.0368424654e-01
  -2.6799216866e-01
  7.0507444441e-02
  1.9181212783e-01
  3.8820585608e-01
  1.8041872978e-01
  1.1255340576e+00
  -3.6101323366e-01
  -7.9795575142e-01
  8.7233638763e-01
  -4.0359610319e-01
  2.3889940977e-01
  -5.4901018739e-02
  9.0596601367e-02
  -1.7963102087e-02
  1.1583821476e-01
  6.0345217586e-02
  -1.9895989448e-02
  9.9964819849e-02
  8.5333883762e-02
  -2.4280500412e-01
  -4.1356283426e-01
  6.3828647137e-02
  4.5263607055e-02
  2.2477342188e-01
  3.5930913687e-01
  2.1774423122e-01
  -9.1766705737e-03
  2.7367553115e-01
  1.1652921885e-01
  7.9791285098e-03
  -6.2068555504e-02
  1.3287259266e-02
  2.4590390921e-01
  -3.4898374230e-02
  -4.6520577744e-03
  7.3421940207e-02
  -2.1965041757e-02
  1.6182881594e-01
  9.2851042747e-02
  -9.8782658577e-02
  -1.4179311693e-01
  1.6699361801e-01
  -6.2923364341e-02
  -1.1709088087e-01
  4.0831750631e-01
  2.8326904774e-01
  1.9944007695e-01
  1.5632215142e-01
  8.5148468614e-02
  9.3903928995e-02
  3.0595868826e-02
  1.1938679218e-01
  2.4202202260e-01
  4.8985194415e-02
  4.0346708149e-02
  -1.4856651425e-02
  1.9023537636e-01
  -2.6090604067e-01
  7.0867113769e-02
  -3.2311942428e-02
  6.2864288688e-02
  -1.4953127503e-01
  -2.0494875312e-01
  -2.4908760097e-03
  -4.8141576350e-02
  -2.5478747487e-01
  -2.8172263503e-01
  1.1958401650e-01
  -1.8625864387e-01
  2.9114091769e-02
  -1.6320982948e-02
  2.3379202187e-01
  -8.4894850850e-02
  1.6302002966e-01
  -1.0203131288e-01
  -1.7496421933e-01
  -4.5721288770e-02
  -1.4950484037e-01
  -1.3226118684e-01
  -5.1277592778e-02
  2.9127672315e-02
  2.3512294516e-02
  -1.0731379688e-01
  1.2606528401e-01
  -1.3684777915e-01
  -1.5968090296e-01
  2.0398195833e-02
  -1.2433875352e-01
  -6.7221239442e-04
  -1.0667666048e-01
  -3.8204297423e-01
  1.0888734460e-01
  1.7295865342e-02
  -1.8953037262e-01
  2.2080649436e-01
  -1.0926345736e-01
  2.1176356822e-02
  2.3250764608e-01
  -5.4916594177e-02
  -9.1049268842e-02
  1.1467141658e-01
  1.7782299221e-01
  7.6022811234e-02
  4.6262357384e-02
  4.2090099305e-02
  5.9509169310e-02
  -1.7461845279e-01
  1.0198837519e-01
  1.4176656306e-01
  -6.4363703132e-02
  8.3612523973e-02
  -1.1667818576e-01
  -1.4817881584e-01
  -4.3901298195e-02
  -1.8028514087e-01
  -2.6180991903e-02
  1.1755505949e-01
  1.9778864086e-01
  -1.1978375912e-01
  -1.4670270681e-01
  -7.1964330971e-02
  -3.4015189856e-02
  -2.8939278796e-02
  -6.7239627242e-02
  -1.9266843796e-01
  -3.0909908935e-02
  -1.9678702950e-01
  1.4705808833e-02
  9.1838426888e-02
  -2.0939612295e-03
  8.8553488255e-02
  3.1413802505e-01
  -1.2508919835e-01
  -1.5220324993e+00
  6.9973099232e-01
  -7.1435421705e-02
  1.6260932386e-01
  1.1268739402e-01
  8.8219739497e-02
  -1.1750362813e-01
  7.7280305326e-02
  -1.9964769483e-01
  1.9971111417e-01
  7.3331758380e-02
  2.6082655415e-02
  -2.3908689618e-01
  1.1633116007e-01
  2.1655522287e-01
  -2.9903236032e-01
  5.0074204803e-02
  -1.9417904317e-01
  -9.0332552791e-02
  7.1458630264e-02
  -1.7725305259e-01
  1.8286295235e-01
  -6.8250268698e-02
  -1.1611090600e-01
  8.3182796836e-02
  3.0035225675e-02
  -1.3059327006e-01
  3.3626757562e-02
  -4.2920645326e-02
  -2.6682576537e-01
  7.6766148210e-02
  -4.0342885256e-01
  1.0204738379e-01
  -6.1913650483e-02
  -1.8921354413e-01
  -9.6946798265e-02
  -5.0103969872e-02
  1.4162851870e-01
  8.7997362018e-02
  -3.4366038442e-01
  -1.5270531178e-01
  1.5072408319e-01
  2.3849081248e-02
  7.9752817750e-02
  -8.1963956356e-02
  -3.0777096748e-02
  1.4410294592e-02
  -3.4007310867e-02
  3.3776383847e-02
  -1.1439158022e-01
  1.0048727691e-01
  -2.6037740707e-01
  1.1237686500e-02
  1.2181952596e-02
  -1.8536698818e-01
  5.2084725350e-02
  2.2693991661e-02
  1.9824241102e-01
  -9.3542039394e-02
  -5.2802357823e-02
  1.0866882652e-01
  1.8174201250e-01
  9.4795944169e-03
  6.0292683542e-02
  -9.9522516131e-02
  5.6703805923e-02
  -2.0446257293e-01
  2.5899082422e-01
  -5.2909273654e-02
  -8.7676770985e-02
  6.0408785939e-02
  2.0690888166e-02
  9.3196742237e-03
  8.5711479187e-02
  -1.7398563027e-01
  -5.9035450220e-02
  -3.4284431487e-02
  7.7024608850e-02
  -3.2905537635e-02
  -8.8401623070e-02
  1.6520550475e-02
  2.1745017171e-01
  1.7577861249e-01
  -8.2002304494e-02
  -5.6588947773e-02
  -1.4599032700e-01
  -2.1386660635e-02
  2.4360126257e-01
  1.1851828545e-01
  2.2016067058e-02
  -1.0801637545e-02
  -1.7821402848e-01
  -1.2128781527e-01
  -3.2417617738e-02
  8.5610039532e-02
  7.6442293823e-02
  4.7981380485e-03
  8.6735203862e-02
  8.7970405817e-02
  -1.7456416786e-01
  -6.2607429922e-02
  -7.0426970720e-02
  -9.2734515667e-02
  -4.4180478901e-02
  -5.6293439120e-02
  1.9617909566e-02
  1.0801409185e-01
  -3.2573103905e-02
  -2.2312422097e-01
  -9.7432017326e-02
  -9.2738568783e-02
  -3.2253026962e-02
  5.7169757783e-02
  -6.1289099976e-03
  8.7440475821e-02
  9.7786355764e-03
  1.1336632073e-01
  -2.6621538401e-01
  1.7632599175e-01
  2.3893216252e-01
  -2.0776824653e-01
  -3.1867537647e-02
  1.5751883388e-01
  -1.5921957791e-01
  -3.9864974096e-03
  7.2335600853e-03
  1.0688580275e+00
  -2.8903242946e-01
  -2.2717098892e-01
  1.8284957111e-01
  -1.4652727544e-01
  -5.4187551141e-02
  1.9363047183e-01
  -1.5466520190e-01
  1.1858480424e-01
  6.4457260072e-02
  8.9469902217e-02
  -3.3252988011e-02
  2.9117198661e-02
  -1.4714955352e-02
  6.6298231483e-02
  8.9499903843e-03
  7.1702972054e-02
  1.6883896291e-01
  9.1642238200e-02
  -3.0947389081e-02
  -1.5901902691e-02
  1.0659426451e-01
  -5.5450130254e-02
  -8.0967538059e-02
  -1.1657815427e-01
  1.0772636533e-01
  4.4538736343e-02
  -3.3983357251e-02
  -5.8225840330e-02
  1.8663986027e-01
  9.7656205297e-02
  -7.2460426018e-03
  2.6057271287e-02
  1.6445377469e-01
  -3.6765877157e-02
  3.7444442511e-02
  6.2115281820e-02
  -6.1946555972e-02
  1.7392183840e-01
  -2.4857634306e-01
  1.3276070356e-01
  1.2442275137e-01
  1.9259436429e-01
  1.5113109350e-01
  1.7173418403e-01
  -1.1676976085e-01
  7.6313875616e-03
  -2.0489827730e-03
  1.7510432005e-01
  -3.4785326570e-02
  -1.0021737218e-01
  -1.4969277382e-01
  -3.1414125115e-02
  -2.2748027742e-01
  3.7464857101e-02
  1.0659597814e-01
  7.9922676086e-03
  4.9341548234e-02
  5.9438562021e-03
  1.0618580878e-01
  5.3354516625e-02
  -1.4419198036e-01
  2.5188106298e-01
  1.0855183750e-01
  7.9298883677e-02
  2.0580181852e-02
  -6.6775428131e-03
  -1.4659571648e-01
  7.0361897349e-02
  2.4308986962e-01
  -6.4455494285e-02
  3.5757455975e-02
  -7.5593523681e-02
  9.9609918892e-02
  7.1271307766e-02
  -8.4664963186e-02
  -1.3549908996e-02
  -1.0048780590e-01
  4.1962773539e-03
  -2.0503620803e-01
  6.4335986972e-02
  -2.3816913366e-01
  -1.6440613195e-02
  8.2701250911e-02
  1.5286026895e-01
  -3.7618216127e-02
  -1.1784877628e-01
  -3.5888996720e-01
  -1.5781801194e-02
  -5.0867334008e-02
  -2.4906193838e-02
  1.6445749998e-01
  5.9794116765e-02
  -6.2827877700e-02
  -2.4771131575e-01
  9.3055427074e-02
  -5.1407590508e-02
  2.1900480986e-01
  9.8127387464e-02
  7.1706362069e-02
  -7.2204671800e-02
  -5.5575989187e-02
  -1.3286004961e-01
  2.0749631524e-01
  -1.9501695409e-02
  -3.3898897469e-02
  -1.6410788894e-01
  1.2793716788e-01
  -7.2380691767e-02
  -1.8013012409e-01
  -1.7779947817e-01
  2.5168728828e-01
  -5.9805776924e-02
  -6.2719278038e-02
  1.5386596322e-01
  7.2214543819e-02
  8.0927066505e-02
  -4.0051755309e-01
  1.7403979599e-01
  -2.3266831040e-01
  2.2167004645e-01
  -2.5687318295e-02
  -7.2095319629e-02
  1.5659637749e-01
  2.5191128254e-01
  -3.0456215143e-02
  2.4142151698e-02
  1.4286889136e-01
  -3.0433690548e-01
  -6.7143306136e-02
  -1.8093311787e-01
  5.1543649286e-02
  1.2533607893e-02
  1.2225970626e-01
  3.6044891924e-02
  -4.8188664019e-02
  2.5474393740e-02
  9.2730499804e-02
  1.9795882702e-01
  1.9894491136e-01
  1.4976075292e-01
  1.9565515220e-01
  1.4796094596e-01
  9.4108432531e-02
  -1.9611444324e-02
  1.7134703696e-01
  2.2778570652e-01
  -2.4099946022e-01
  -2.8081303835e-01
  -7.5944304466e-02
  6.8030081689e-02
  1.5225014091e-01
  5.3571186960e-02
  2.0783318207e-02
  -8.2955751568e-03
  1.4490206540e-01
  -1.9552096725e-01
  1.1464432627e-01
  -8.5976712406e-02
  -1.1193904281e-01
  -6.5908156335e-02
  1.5456472337e-01
  5.6554798037e-02
  1.1564742774e-02
  -1.6618825495e-01
  -6.8625338376e-02
  -2.4981027842e-01
  1.7210142687e-02
  1.5990316868e-01
  -8.3915941417e-02
  -9.3944840133e-02
  -7.0478208363e-02
  9.8375774920e-02
  -3.8355860859e-02
  -1.0905293748e-03
  -5.0755705684e-02
  -7.6910942793e-02
  1.3941183686e-02
  8.0063246191e-02
  -2.8486454487e-01
  -1.2693995610e-02
  1.5019463003e-01
  7.1650631726e-02
  2.0901842415e-01
  4.9865409732e-02
  9.5344096422e-02
  1.1482754350e-01
  1.2992003560e-01
  -6.0900501907e-02
  -4.7397263348e-02
  -1.7047323287e-01
  -1.4683861285e-02
  1.7801636830e-02
  -6.7994557321e-02
  2.2607952356e-02
  -1.7281112075e-01
  -1.2820851803e-01
  2.2974904627e-02
  1.2758718431e-01
  -6.6488087177e-02
  -1.2675393373e-02
  -1.8577140570e-01
  -1.8214036524e-01
  -2.9528844357e-01
  7.2696827352e-02
  -5.4903194308e-02
  -3.9869893342e-02
  1.7558334768e-01
  1.1520624161e-01
  -1.7108234763e-01
  9.0742874891e-03
  -5.0618145615e-02
  1.4890214801e-01
  -3.5358217359e-01
  1.2620070577e-01
  5.7479366660e-02
  3.8106095046e-02
  6.6302455962e-02
  -8.3759248257e-02
  -4.2994651943e-02
  8.6023233831e-02
  -9.6773520112e-02
  -1.8600006402e-01
  -1.0958535969e-01
  -3.2234124839e-02
  -1.4826157689e-01
  -1.1444769800e-01
  -6.1841603369e-02
  -1.5499074943e-02
  5.3812779486e-02
  -3.5648997873e-02
  6.3549503684e-02
  4.0476471186e-02
  4.0019966662e-02
  7.3938369751e-02
  2.0590411127e-01
  -2.0901316404e-01
  -1.0076712817e-02
  -1.8739445508e-01
  -5.5253002793e-02
  -6.7397318780e-02
  -4.6169493347e-02
  -6.7713111639e-02
  2.9305124283e-01
  5.1798533648e-02
  2.9326701164e-01
  6.7294530571e-02
  -1.4859808981e-01
  6.1503988691e-03
  1.3771420717e-01
  2.3428083956e-01
  -2.1437795460e-01
  -5.2837852389e-02
  -1.0852008313e-01
  -1.9722284377e-01
  3.6120694131e-02
  -2.4691341445e-02
  1.7860789597e-01
  -1.1216910928e-01
  4.3279185891e-02
  -1.1077343673e-01
  -8.4141708910e-02
  -3.2836991549e-01
  1.1443986557e-02
  1.1183831096e-01
  2.0767068863e-01
  2.4984087050e-01
  1.6309139132e-01
  -6.2999293208e-02
  4.1660416871e-02
  9.5348484814e-02
  1.2822177261e-02
  1.9869831204e-01
  1.4574466646e-01
  3.7308931351e-02
  -2.3474177346e-02
  2.4119446054e-02
  3.0251288414e-01
  3.9853919297e-02
  -1.4166918397e-01
  1.7747637630e-01
  1.8269506097e-01
  -9.3842133880e-02
  -2.4465869367e-01
  -6.5979607403e-02
  -1.2065618485e-01
  4.0636548400e-01
  1.9822295755e-02
  1.4522542059e-01
  1.2465143949e-01
  -7.8609332442e-02
  2.6995677501e-02
  3.8573566824e-02
  1.8557855487e-01
  -3.9914032817e-01
  3.1965717673e-01
  -4.6269530430e-03
  8.6919151247e-02
  7.4695207179e-02
  1.1520048231e-01
  -6.9043397903e-02
  6.6742569208e-02
  2.2810718417e-01
  -2.4337410927e-02
  -1.9127373397e-01
  1.6508233547e-01
  -1.9101350009e-01
  -8.6277183145e-03
  -3.8287319243e-02
  3.2266171183e-03
  1.6630280018e-01
  -2.6099950075e-01
  -3.4971337765e-02
  1.7221631482e-02
  -9.4206407666e-02
  2.8650205582e-02
  1.0708657652e-01
  -1.7067807913e-01
  -4.0630362928e-02
  5.0455525517e-02
  -2.4414779618e-02
  1.7839972675e-01
  2.4564093351e-01
  7.8854285181e-02
  -3.2737299800e-02
  5.2084308118e-02
  2.9190290719e-02
  2.3310229182e-02
  2.2365048528e-02
  1.4992100000e-01
  -2.5997418165e-01
  -2.0472727716e-01
  3.0712267756e-01
  -8.4377042949e-02
  1.4819081128e-01
  5.5253591388e-02
  3.1361067295e-01
  6.4252734184e-02
  -9.1663748026e-02
  -4.0328569710e-02
  6.0185078532e-02
  -5.1945876330e-02
  6.5092802048e-02
  -2.4007305037e-03
  8.4741443396e-02
  7.7200062573e-02
  2.4519968778e-02
  -1.1269845068e-01
  -1.9256778061e-02
  1.1328836530e-01
  5.3618945181e-02
  2.0106801391e-01
  1.6112400591e-01
  -1.0922833532e-01
  -4.7588055022e-03
  9.2763692141e-02
  4.0134418756e-02
  6.4929619431e-02
  -1.9999817014e-01
  -3.0069440603e-02
  3.5245198756e-02
  1.4606638253e-01
  3.4047308564e-01
  -2.6386839151e-01
  -9.2765726149e-02
  -1.2305285782e-01
  7.7860769816e-03
  1.1387593299e-01
  9.9048294127e-02
  3.3082738519e-02
  7.2736269794e-03
  -1.3236817718e-01
  1.1439450085e-01
  -1.0648239404e-01
  -1.1269838363e-01
  -2.6355562732e-02
  1.0347986594e-02
  -5.6253448129e-02
  2.9139900208e-01
  -1.6180412471e-01
  1.0018293560e-01
  -6.0751277953e-02
  -6.0219779611e-02
  5.5661849678e-02
  1.2749454379e-01
  -1.1196500063e-01
  1.8780406564e-02
  -3.1626275741e-03
  4.0241837502e-02
  -8.1878723577e-03
  1.1496988684e-01
  -7.0361946709e-03
  6.5603675321e-03
  8.7429329753e-02
  9.6255101264e-02
  -4.3308049440e-02
  2.1710477769e-02
  8.6575947702e-02
  8.9246638119e-02
  -4.6673528850e-02
  -6.7454464734e-02
  3.6107450724e-02
  -2.7936762199e-03
  -4.8731435090e-02
  2.0164522529e-01
  6.8087674677e-02
  3.5221117735e-01
  1.3421821594e-01
  1.4722938836e-01
  2.3709374666e-01
  9.9121555686e-03
  1.4906765521e-01
  -3.9458814263e-01
  -8.2017324865e-02
  8.8638633490e-02
  -8.5761621594e-02
  3.1937282532e-02
  1.4333425462e-01
  -2.0413978491e-03
  -1.8216116354e-02
  4.6454317868e-02
  -3.5960718524e-03
  6.6633552313e-02
  1.1265212297e-01
  -3.9852824062e-02
  -1.0094884783e-01
  9.4388976693e-02
  1.2331555784e-01
  -2.1973189712e-01
  -1.5275089443e-01
  -4.2109034956e-02
  4.4212457724e-03
  8.4044337273e-02
  -7.8464418650e-02
  1.7665810883e-01
  -2.4681257084e-02
  -6.6593578085e-03
  -2.3626525700e-01
  -1.4090646803e-01
  -1.2434305996e-01
  -1.0677536577e-01
  -3.6989268847e-03
  -1.8773775548e-02
  1.2993986905e-01
  -1.0709739476e-01
  -8.6322441697e-02
  -4.7399628907e-02
  1.1658525467e-01
  -8.7409406900e-02
  -2.2243440151e-01
  -3.1959727407e-01
  8.5471667349e-02
  1.5827262402e-01
  -2.1620923653e-02
  2.0806334913e-01
  -7.1798264980e-03
  1.9405768812e-01
  6.2945194542e-02
  -4.1941802949e-02
  -1.7879163846e-02
  -1.7378889024e-01
  1.2427444011e-01
  -3.2005086541e-01
  -2.3933942616e-01
  4.9901459366e-02
  -6.0422241688e-02
  1.5563690662e-01
  1.1765788496e-01
  -1.4448554814e-01
  -7.7855035663e-02
  -2.6858806610e-01
  7.2495214641e-02
  -1.2850354612e-01
  -5.2373807877e-02
  -4.7824464738e-02
  1.8403647840e-01
  -8.7886817753e-02
  1.2818440795e-01
  9.4044677913e-02
  -1.3342841528e-02
  -1.2168293819e-02
  2.2587345541e-01
  -9.8630495369e-02
  2.4900591373e-01
  1.1266021430e-01
  6.2505990267e-02
  9.8245993257e-02
  9.3893669546e-03
  3.7872925401e-02
  5.5487457663e-02
  2.8745904565e-02
  -2.2307980061e-01
  3.6966189742e-02
  -7.6162993908e-02
  4.8982486129e-02
  -4.7968342900e-01
  -6.5512530506e-02
  1.2819457054e-01
  9.0554077178e-03
  -1.2863509357e-01
  1.1347626150e-01
  8.4019601345e-02
  -1.7891108990e-01
  -4.5707538724e-02
  -5.6738085113e-03
  -2.1090373397e-01
  -3.5485047847e-02
  2.1808446944e-01
  -3.6676313728e-02
  9.5357783139e-03
  1.8271997571e-01
  7.2410255671e-02
  1.4959722757e-01
  -1.8102001399e-02
  -5.6161871180e-03
  -1.8970635533e-01
  -1.4166069031e-01
  -1.4765191078e-01
  -1.4220334589e-01
  1.0194319487e-01
  -3.9713285863e-02
  -3.0579400063e-01
  -1.0626520962e-01
  9.4021297991e-02
  -1.1061444134e-01
  4.6626310796e-02
  -5.6283418089e-02
  3.9630565792e-02
  1.0359066539e-02
  -2.2634433210e-01
  -3.3259489574e-03
  2.6199012995e-01
  1.3484434225e-02
  4.4321522117e-02
  -7.4093602598e-02
  -6.3149087131e-02
  -5.4546214640e-02
  1.4292985201e-01
  1.6213047504e-01
  7.3195010424e-02
  7.6727554202e-02
  1.2728098035e-01
  1.5504229069e-01
  7.0331864059e-02
  -1.8764898181e-01
  -2.7134206891e-01
  -2.8038993478e-01
  -4.1167739779e-02
  1.6283771396e-01
  -1.0859893262e-01
  3.7457916886e-02
  4.9069523811e-02
  -8.3573147655e-02
  -5.6635938585e-02
  4.9693457782e-02
  -2.3467667401e-01
  -7.2869092226e-02
  -2.1071062982e-01
  -1.3860243559e-01
  -1.7316053808e-01
  -6.1482246965e-02
  -5.2298441529e-02
  3.7979304790e-02
  -1.6511180997e-01
  -3.9956241846e-02
  -1.4158417284e-01
  7.2120010853e-02
  1.1323511600e-01
  1.3505440950e-01
  -1.1567301303e-01
  3.9002571255e-02
  -7.0849061012e-02
  5.3517363966e-02
  7.1548305452e-02
  9.2144936323e-02
  1.4217536896e-02
  -1.4763455093e-01
  -1.6383375227e-01
  6.3439935446e-02
  -1.9249771535e-01
  6.9191277027e-02
  -1.4487500489e-01
  -2.8137603402e-01
  8.7968684733e-02
  -7.1740567684e-02
  4.8293542117e-02
  -1.5782712400e-01
  1.5186600387e-01
  -1.4798955619e-01
  -1.1870603263e-01
  -5.5785156786e-02
  -3.8705233485e-02
  9.8402135074e-02
  1.0252297670e-01
  -2.0811529458e-01
  -1.9083097577e-01
  4.7528374940e-02
  9.7386479378e-02
  1.1242119968e-01
  1.2598958611e-01
  -6.0008555651e-02
  -1.6411225498e-01
  3.6840002984e-02
  -5.8918260038e-02
  -9.5489636064e-02
  2.6022784412e-02
  -6.9481037557e-02
  4.0357118845e-01
  6.7271515727e-02
  4.1176560521e-01
  6.0108609498e-02
  1.1358976364e-01
  1.7991508543e-01
  1.2072522938e-01
  -1.1172740161e-01
  1.6306245327e-01
  4.5440229774e-01
  3.7466326356e-01
  -1.7239327729e-01
  9.5888666809e-02
  -1.8858519197e-01
  -9.4065904617e-02
  1.9575397670e-01
  -3.6814887077e-02
  -1.4565241337e-01
  -1.2038563192e-01
  -1.5808954835e-01
  -7.5271546841e-02
  3.3557295799e-02
  5.7341842912e-03
  -1.1736817658e-01
  -3.2473281026e-03
  -7.3554538190e-02
  -2.6895182207e-02
  -8.1226788461e-02
  5.8716382831e-02
  -1.7908139154e-02
  3.5945858806e-02
  1.4887104928e-01
  -3.1809499860e-01
  -5.8976370841e-02
  1.5852892399e-01
  1.9879935682e-01
  -5.4439254105e-02
  -9.5270596445e-02
  -2.0202392712e-02
  -4.5071870089e-02
  2.2176312283e-02
  1.6962235793e-02
  -1.7193585634e-01
  -4.0108811110e-02
  1.6708563268e-01
  4.1586440057e-02
  -5.9454638511e-02
  3.4907236695e-02
  1.0185115784e-01
  -2.3984786123e-02
  3.2713001966e-01
  -2.8072592616e-01
  -1.3765072823e-01
  4.3396171182e-02
  -1.4843978919e-02
  -9.0415559709e-02
  2.9367932677e-01
  3.1433288008e-02
  1.1293202639e-01
  2.5112792850e-01
  -2.6391848922e-01
  -4.2564137839e-03
  -1.4653256536e-01
  3.6700885743e-02
  3.0740407109e-01
  2.7401217818e-01
  1.0590611398e-01
  -6.1806216836e-03
  6.5245978534e-02
  4.3465411291e-03
  -3.5952653736e-02
  7.2532676160e-02
  -1.6093149781e-01
  8.9603833854e-02
  5.7701643556e-02
  -6.1479635537e-02
  -2.3215560243e-02
  -4.0698224306e-01
  -9.7108438611e-02
  -2.3830702901e-01
  3.4695127010e+00
  -1.3469459116e-01
  1.0606928915e-01
  -6.3452096656e-03
  -4.4139698148e-02
  -9.1699205339e-02
  -7.6979599893e-02
  -1.0271804035e-01
  -1.0584837757e-02
  -1.9488497078e-01
  -2.2624444962e-01
  -2.3164004087e-01
  -7.1090072393e-02
  -1.4324162900e-01
  -3.5635739565e-02
  -5.3378418088e-02
  -1.7705109715e-01
  4.1596047580e-02
  -2.0954100788e-01
  2.5459645316e-02
  -2.1631726623e-01
  -2.6339337230e-01
  -4.9329251051e-02
  -8.6451739073e-02
  -1.7404930294e-01
  1.4303237200e-01
  -1.8332122266e-01
  -5.6257102638e-02
  -7.2997151874e-03
  2.9926362634e-01
  -1.5113295615e-01
  2.5295919180e-01
  -2.1099863946e-01
  1.7389617860e-01
  -4.5338213444e-01
  2.5121468306e-01
  2.8507882357e-01
  4.1655606031e-01
  3.5578423738e-01
  3.6772076041e-02
  -2.7607381344e-01
  3.4703125712e-03
  -1.9966867566e-01
  -1.2247696519e-02
  -1.4128667116e-01
  8.6821094155e-02
  -6.6940772533e-01
  1.1748699099e-01
  5.6569941342e-02
  1.5589763224e-01
  -7.6356649399e-02
  2.9687562957e-02
  -1.5709879994e-01
  -4.3517295271e-02
  7.0299081504e-02
  5.2831567824e-02
  8.4770964459e-03
  -1.7410896719e-02
  2.6887992397e-02
  -1.9756217953e-03
  2.0644797385e-01
  -1.9947902858e-01
  -3.7507850677e-02
  4.4385168701e-02
  1.9709099084e-02
  -2.1008950472e-01
  -1.6002330184e-01
  -9.7862176597e-02
  4.1859534383e-01
  -2.0400196314e-01
  -8.6953535676e-02
  -6.3066817820e-02
  3.0546581745e-01
  -4.8345533013e-01
  1.6982594132e-01
  1.2744230032e-01
  5.9131073952e-01
  -1.0977984220e-01
  -4.0677428246e-02
  -1.0730977356e-01
  1.1249326915e-01
  4.3332271278e-02
  7.8503908589e-03
  6.3843190670e-02
  -1.6703373194e-01
  -3.0873471498e-01
  8.2585386932e-02
  -2.2726322711e-01
  1.1207274348e-01
  -2.7224031091e-01
  4.8559615016e-01
  -1.1919983476e-01
  4.5392557979e-01
  -3.9035335183e-01
  -2.4097909033e-01
  -1.4706078172e-01
  -1.5638414025e-01
  -3.9534568787e-02
  5.2583139390e-02
  -1.7768248916e-01
  4.9029225111e-01
  -7.7987921238e-01
  1.0233605653e-01
  -5.2150404453e-01
  5.0223320723e-01
  -4.0736518800e-02
  -1.0712739080e-01
  3.5469189286e-01
  2.6703417301e-01
  2.7299505472e-01
  -1.2610974908e-01
  1.3058035076e-01
  -4.4006961584e-01
  1.8683753908e-01
  -5.6820731610e-02
  1.6144250333e-01
  -2.8115159273e-01
  4.2702857405e-02
  -1.2992037833e-01
  9.7741104662e-02
  4.0333677083e-02
  -1.1303987354e-01
  3.7778828293e-02
  1.6277596354e-02
  -1.5557046235e-01
  3.0293720961e-01
  3.4926049411e-02
  8.8253758848e-02
  1.2092748284e-01
  -2.7455461025e-01
  -1.2703093886e-01
  4.2621627450e-01
  -6.4426577091e-01
  2.4149754643e-01
  -2.9116448015e-02
  -2.8721201420e-01
  1.5216113627e-01
  3.6455318332e-01
  3.5389799625e-02
  -5.1389886066e-03
  -1.6651988262e-03
  1.4787405729e-01
  4.9090713263e-02
  -2.5035692379e-02
  -1.2319803238e-02
  1.2945333123e-01
  1.1858204007e-01
  -4.7213755548e-02
  -3.3904311061e-01
  3.1836196780e-01
  -1.6830621660e-01
  -6.9642364979e-02
  4.0012910962e-01
  1.0097475350e-01
  -3.4473530948e-02
  4.4165194035e-02
  2.9219502583e-02
  -2.8949508071e-01
  1.4086882770e-01
  -9.2824183404e-02
  1.8519409001e-01
  2.0750665665e-01
  -5.0402972847e-03
  -4.6456124634e-02
  1.2605381012e-01
  2.5133177638e-01
  5.9956051409e-02
  5.1330406219e-02
  -1.2258189917e-01
  1.5421272814e-01
  4.7926090658e-02
  -1.1484833807e-01
  -2.3017823696e-02
  -1.3996815681e-01
  -2.1122844517e-01
  -1.0911129415e-01
  9.8109133542e-02
  6.9595366716e-02
  1.3764455914e-01
  -1.3342610002e-01
  -6.6539362073e-02
  2.2058019042e-01
  1.0274980217e-01
  5.5526599288e-02
  1.0725080967e-01
  1.3578236103e-01
  -1.7010620236e-01
  1.1705061048e-01
  -2.5357365608e-01
  5.0134252757e-02
  -3.0522119254e-02
  -2.2570699453e-02
  -3.0352693796e-01
  2.8796471655e-02
  2.2080032527e-01
  -1.5789013356e-02
  -4.5551661402e-02
  -6.3731022179e-02
  1.6093471646e-01
  2.7100170031e-02
  -1.2293466926e-01
  2.0150955021e-01
  -1.2809398770e-01
  2.2917421535e-02
  -2.1081492305e-01
  -1.1640067399e-01
  -1.0023030452e-02
  1.1081631295e-02
  3.3170666546e-02
  2.9779550433e-01
  -1.0709545016e-01
  6.9175288081e-02
  -4.2098912597e-01
  -2.9801914096e-01
  -1.3228082657e-01
  9.5737114549e-02
  1.0441828519e-02
  2.6710584760e-01
  2.9024543241e-02
  -1.4777007699e-01
  -2.2818613052e-01
  -1.3997383416e-01
  1.4700247347e-01
  1.0237196460e-02
  2.5777024031e-01
  1.6398043931e-01
  -1.0788223892e-01
  -2.0407110453e-02
  1.0478394479e-01
  -1.7034253478e-01
  1.0611580685e-02
  -1.0239229351e-01
  -9.9445164204e-02
  1.2489172071e-01
  -7.4064962566e-02
  8.9462563396e-02
  -2.4873007089e-02
  -2.5909957290e-01
  -4.2527755722e-03
  1.5056881309e-01
  2.4798246101e-02
  9.9999830127e-02
  5.6666344404e-02
  -6.6282905638e-02
  2.8296571225e-02
  -2.5427493453e-01
  1.4803642035e-01
  -8.2225881517e-02
  -6.2707521021e-02
  9.3194611371e-02
  2.0516568795e-02
  4.2357083410e-02
  -1.5018066764e-01
  -1.8922048807e-01
  -5.8629032224e-02
  6.1222646385e-02
  -2.3142861202e-02
  2.5311905146e-01
  -9.7134179669e-04
  -1.6655404866e-01
  1.8664599955e-01
  -4.6148742549e-03
  -9.9959215149e-03
  1.3659818098e-02
  -2.6988120750e-02
  -3.7671768665e-01
  -1.8624155223e-01
  -6.7333132029e-02
  1.3058404624e-01
  -1.7801930010e-01
  -3.3314220607e-02
  1.4993418753e-01
  -1.2399161607e-01
  2.3593643680e-02
  8.2513689995e-02
  -4.0727481246e-02
  2.2670277953e-01
  -2.6917150617e-01
  -5.7099811733e-02
  -6.1295617372e-02
  -1.8500173092e-01
  6.5024085343e-02
  8.9595161378e-02
  -5.4032027721e-02
  1.0989214480e-01
  -2.6611042023e-01
  4.8282414675e-02
  5.2564091980e-02
  2.2454330325e-01
  2.0269919932e-01
  1.6276814044e-02
  -1.9552710652e-01
  -7.7448070049e-02
  -1.3730829954e-01
  -1.4400343597e-01
  -1.0190463625e-02
  7.0125453174e-02
  -1.7906593159e-02
  1.1435189098e-01
  -6.2822625041e-02
  8.6612328887e-02
  2.2183526307e-02
  9.5225289464e-02
  2.8568914160e-02
  1.6357818246e-01
  3.8483604789e-01
  3.3077087253e-02
  -2.9553737491e-02
  1.2932808697e-01
  -1.4200286567e-01
  -3.8114331663e-02
  7.2772875428e-02
  2.2261369228e-01
  -1.3763359189e-01
  -1.4910267293e-01
  8.5573822260e-02
  6.1644952744e-02
  -1.2345664948e-01
  -1.3379008509e-02
  1.5096382797e-01
  -6.8751625717e-02
  -1.6179911792e-01
  -1.3506197929e-01
  1.1943243444e-01
  1.7256894708e-01
  -4.0635812283e-01
  1.1454223096e-01
  -7.7409066260e-02
  4.7771714628e-02
  -3.5934916232e-03
  -1.8039109185e-02
  -9.4021864235e-02
  1.2648239732e-01
  -1.1576862633e-01
  6.2561467290e-02
  1.5754228458e-02
  5.8995842934e-02
  3.9238962531e-01
  -2.7782121673e-02
  -1.8525054678e-02
  1.8074375391e-01
  -2.8553247452e-02
  -6.5696366131e-02
  3.8387577981e-02
  1.4989459515e-01
  2.6037141681e-01
  4.5003619045e-02
  8.2366466522e-02
  6.6796597093e-03
  -1.3549038768e-01
  -2.0396241918e-02
  8.2371018827e-02
  3.5963079333e-01
  4.2899018526e-01
  4.7025144100e-02
  -2.1135902032e-02
  2.9738200828e-02
  -1.4233231544e-01
  2.4549948052e-02
  -1.5061485767e-01
  5.0778633356e-01
  3.0687442422e-01
  2.4786533415e-01
  9.6052750945e-02
  -1.7665565014e-01
  1.7822356522e-01
  -1.5114389360e-01
  -1.2643799186e-01
  -6.3325390220e-02
  -3.3779239655e-01
  7.4504487216e-02
  -1.6634038091e-01
  -1.5966643393e-01
  2.9639109969e-01
  -8.5207946599e-02
  -9.7898624837e-02
  -1.6839414835e-01
  -3.4576839209e-01
  -5.4087482393e-02
  -2.6915077120e-02
  -8.0497726798e-02
  3.5801261663e-01
  4.4243842363e-02
  -1.5908863395e-02
  -9.9343582988e-02
  -3.1673410535e-01
  -7.6167918742e-02
  -3.0516555533e-02
  -1.8131048977e-01
  4.5965665579e-01
  -2.4874264002e-01
  5.5879175663e-02
  -9.6384271979e-02
  2.5832252502e+00
  2.0296533108e+00
  4.1740208864e-01
  6.2955331802e-01
  6.5903961658e-01
  5.6882852316e-01
  4.5834985375e-01
  4.6848740234e+03
  3.3330984375e+04
  2.9497021484e+03
  3.4648134766e+03
  1.1863470459e+03
  2.2391120605e+03
  3.6229608154e+02
  2.3075922852e+03
  1.5923110352e+04
  1.2626019287e+03
  1.6043350830e+03
  5.9039990234e+02
  9.9695697021e+02
  1.8697875977e+02
  1.2513901367e+03
  8.0819238281e+03
  8.1797253418e+02
  8.8248095703e+02
  2.1919549561e+02
  4.8635983276e+02
  9.7200912476e+01
  9.5192633057e+02
  1.1833344727e+03
  2.4571366882e+02
  5.8155828857e+02
  8.7391326904e+01
  2.5763806152e+02
  2.5226575851e+01
  3.6338212500e+05
  7.0169440000e+06
  2.1177681250e+05
  2.5210267188e+05
  5.9845847656e+04
  1.1950793750e+05
  1.2243941406e+04
